Datum|1 AUD|1 BGN|1 BRL|1 CAD|1 CHF|1 CNY|1 DKK|1 EUR|1 GBP|1 HKD|100 HUF|1000 IDR|1 ILS|100 INR|100 ISK|100 JPY|100 KRW|1 MXN|1 MYR|1 NOK|1 NZD|100 PHP|1 PLN|1 RON|1 SEK|1 SGD|100 THB|1 TRY|1 USD|1 XDR|1 ZAR
02.01.2023|15,400|12,385|4,237|16,668|24,496|3,281|3,250|24,175|27,272|2,899|6,028|1,453|6,447|27,341|15,936|17,317|1,781|1,160|5,137|2,299|14,317|40,541|5,164|4,894|2,165|16,878|65,491|1,209|22,630|30,118|1,330
03.01.2023|15,358|12,335|4,259|16,738|24,422|3,311|3,244|24,125|27,401|2,928|5,980|1,467|6,483|27,600|15,903|17,485|1,792|1,175|5,192|2,292|14,251|40,876|5,152|4,893|2,165|17,006|66,548|1,221|22,878|30,447|1,339
04.01.2023|15,550|12,284|4,161|16,729|24,409|3,293|3,230|24,025|27,276|2,900|6,069|1,454|6,426|27,372|15,837|17,316|1,781|1,175|5,152|2,237|14,323|40,501|5,147|4,877|2,152|16,907|66,658|1,210|22,672|30,148|1,347
05.01.2023|15,483|12,280|4,209|16,795|24,400|3,300|3,231|24,030|27,218|2,904|6,053|1,453|6,427|27,481|15,778|17,047|1,786|1,170|5,168|2,241|14,275|40,617|5,146|4,880|2,148|16,914|66,846|1,208|22,676|30,267|1,326
06.01.2023|15,430|12,299|4,294|16,786|24,387|3,340|3,235|24,055|27,189|2,933|6,057|1,466|6,440|27,679|15,733|17,026|1,799|1,187|5,203|2,226|14,241|41,205|5,124|4,879|2,137|16,993|67,322|1,221|22,911|30,549|1,320
09.01.2023|15,534|12,267|4,249|16,778|24,312|3,308|3,226|23,990|27,248|2,873|6,040|1,441|6,423|27,236|15,629|16,974|1,803|1,171|5,126|2,261|14,328|40,700|5,109|4,871|2,143|16,842|67,030|1,195|22,430|29,749|1,318
10.01.2023|15,355|12,263|4,248|16,676|24,208|3,299|3,225|23,985|27,152|2,864|6,010|1,436|6,441|27,348|15,504|16,901|1,792|1,168|5,115|2,246|14,209|40,825|5,108|4,861|2,142|16,784|66,587|1,191|22,368|29,951|1,310
11.01.2023|15,415|12,284|4,309|16,651|24,106|3,301|3,230|24,025|27,095|2,861|6,021|1,444|6,477|27,361|15,570|16,848|1,792|1,172|5,115|2,238|14,206|40,686|5,134|4,870|2,131|16,785|66,928|1,191|22,357|29,990|1,314
12.01.2023|15,438|12,288|4,327|16,646|23,902|3,307|3,231|24,035|27,099|2,857|6,014|1,455|6,515|27,379|15,577|17,093|1,793|1,180|5,119|2,241|14,187|40,536|5,123|4,861|2,132|16,798|67,041|1,188|22,312|29,931|1,325
13.01.2023|15,408|12,278|4,326|16,569|23,893|3,303|3,228|24,015|27,043|2,843|6,052|1,466|6,485|27,256|15,564|17,275|1,788|1,175|5,121|2,245|14,117|40,399|5,122|4,859|2,134|16,782|67,163|1,182|22,206|29,850|1,316
16.01.2023|15,443|12,269|4,341|16,565|23,932|3,297|3,226|23,995|27,035|2,841|6,015|1,475|6,489|27,178|15,531|17,273|1,790|1,179|5,142|2,243|14,160|40,710|5,113|4,866|2,129|16,793|67,219|1,181|22,191|29,922|1,301
17.01.2023|15,353|12,252|4,310|16,475|23,972|3,262|3,222|23,965|27,051|2,826|5,999|1,457|6,473|27,055|15,511|17,178|1,783|1,175|5,108|2,231|14,135|40,313|5,104|4,856|2,124|16,709|66,813|1,176|22,100|29,800|1,288
18.01.2023|15,546|12,249|4,333|16,516|24,179|3,274|3,220|23,955|27,367|2,825|6,047|1,465|6,557|27,180|15,505|17,137|1,792|1,185|5,124|2,248|14,359|40,489|5,099|4,850|2,144|16,777|67,240|1,176|22,103|29,811|1,303
19.01.2023|15,214|12,231|4,248|16,383|24,114|3,259|3,216|23,925|27,296|2,825|6,035|1,465|6,474|27,161|15,485|17,210|1,785|1,164|5,135|2,227|14,093|40,479|5,084|4,856|2,145|16,698|66,815|1,177|22,120|29,857|1,280
20.01.2023|15,313|12,230|4,251|16,403|24,008|3,259|3,215|23,920|27,301|2,822|6,042|1,466|6,494|27,241|15,502|16,979|1,790|1,168|5,156|2,233|14,194|40,575|5,078|4,856|2,142|16,715|67,473|1,175|22,097|29,812|1,288
23.01.2023|15,377|12,210|4,238|16,445|23,850|3,239|3,210|23,880|27,143|2,807|6,025|1,457|6,505|27,003|15,436|16,858|1,788|1,169|5,127|2,236|14,235|40,247|5,067|4,853|2,148|16,665|67,044|1,168|21,971|29,621|1,280
24.01.2023|15,434|12,207|4,252|16,446|23,744|3,242|3,209|23,875|27,019|2,808|6,009|1,477|6,515|26,938|15,295|16,875|1,780|1,167|5,131|2,227|14,260|40,381|5,066|4,856|2,151|16,653|67,041|1,169|21,987|29,686|1,271
25.01.2023|15,502|12,174|4,276|16,371|23,763|3,227|3,201|23,810|26,981|2,795|6,125|1,463|6,495|26,835|15,156|16,866|1,772|1,165|5,136|2,207|14,178|40,118|5,050|4,856|2,138|16,645|66,655|1,163|21,888|29,533|1,275
26.01.2023|15,562|12,178|4,287|16,353|23,812|3,224|3,202|23,820|27,088|2,793|6,149|1,463|6,424|26,820|15,220|16,851|1,775|1,161|5,150|2,214|14,180|40,173|5,047|4,879|2,131|16,668|66,757|1,162|21,866|29,513|1,279
27.01.2023|15,582|12,182|4,325|16,455|23,784|3,233|3,203|23,825|27,111|2,801|6,127|1,463|6,379|26,870|15,381|16,885|1,776|1,170|5,167|2,214|14,217|40,256|5,059|4,866|2,125|16,688|66,735|1,166|21,929|29,661|1,273
30.01.2023|15,500|12,159|4,287|16,416|23,754|3,242|3,208|23,860|27,118|2,793|6,110|1,462|6,314|26,838|15,564|16,821|1,782|1,164|5,155|2,211|14,218|40,113|5,065|4,864|2,119|16,672|66,852|1,163|21,880|29,563|1,263
31.01.2023|15,372|12,164|4,297|16,328|23,713|3,251|3,198|23,790|27,012|2,802|6,086|1,465|6,315|26,840|15,539|16,839|1,777|1,166|5,148|2,181|14,112|40,192|5,053|4,834|2,096|16,674|66,483|1,167|21,961|29,684|1,257
01.02.2023|15,450|12,151|4,310|16,380|23,801|3,233|3,195|23,770|26,892|2,779|6,091|1,456|6,303|26,649|15,485|16,832|1,773|1,159|5,110|2,189|14,070|40,032|5,050|4,839|2,095|16,603|66,284|1,158|21,797|29,393|1,261
02.02.2023|15,446|12,175|4,337|16,295|23,820|3,222|3,201|23,810|26,656|2,761|6,150|1,455|6,333|26,356|15,511|16,858|1,768|1,166|5,101|2,174|14,117|40,218|5,066|4,856|2,096|16,581|66,053|1,151|21,657|29,271|1,272
03.02.2023|15,309|12,131|4,283|16,233|23,745|3,220|3,187|23,725|26,582|2,765|6,137|1,457|6,376|26,483|15,436|16,894|1,763|1,160|5,095|2,161|14,053|40,407|5,057|4,840|2,093|16,556|65,666|1,153|21,694|29,447|1,265
06.02.2023|15,286|12,190|4,286|16,491|23,927|3,263|3,203|23,840|26,708|2,820|6,100|1,470|6,385|26,763|15,592|16,741|1,761|1,164|5,196|2,159|13,965|40,629|5,048|4,859|2,098|16,714|65,856|1,175|22,126|29,949|1,262
07.02.2023|15,405|12,182|4,316|16,582|24,053|3,283|3,202|23,830|26,675|2,838|6,041|1,471|6,398|26,916|15,667|16,866|1,767|1,166|5,176|2,142|14,023|40,368|5,011|4,862|2,094|16,783|66,218|1,183|22,271|29,881|1,262
08.02.2023|15,427|12,158|4,274|16,526|24,068|3,265|3,195|23,780|26,780|2,822|6,121|1,467|6,358|26,839|15,696|16,889|1,760|1,172|5,153|2,157|14,013|40,430|5,019|4,856|2,097|16,723|66,104|1,176|22,152|29,656|1,257
09.02.2023|15,378|12,115|4,219|16,427|23,959|3,246|3,184|23,695|26,769|2,802|6,141|1,457|6,306|26,654|15,682|16,829|1,748|1,165|5,097|2,172|14,014|40,391|5,001|4,841|2,127|16,643|65,792|1,168|21,997|29,518|1,246
10.02.2023|15,353|12,112|4,213|16,492|23,998|3,253|3,182|23,690|26,815|2,823|6,079|1,464|6,267|26,845|15,575|16,935|1,749|1,182|5,115|2,179|14,015|40,700|4,955|4,833|2,122|16,684|65,707|1,177|22,161|29,772|1,241
13.02.2023|15,428|12,138|4,272|16,644|24,105|3,256|3,187|23,740|26,890|2,830|6,159|1,462|6,279|26,858|15,506|16,759|1,740|1,193|5,092|2,194|14,093|40,525|4,959|4,842|2,128|16,684|65,626|1,179|22,216|29,767|1,239
14.02.2023|15,412|12,143|4,276|16,576|24,063|3,241|3,187|23,750|26,957|2,813|6,210|1,456|6,300|26,650|15,492|16,709|1,743|1,187|5,077|2,183|14,004|40,267|4,987|4,846|2,140|16,646|65,273|1,171|22,079|29,519|1,240
15.02.2023|15,241|12,100|4,237|16,485|23,940|3,232|3,176|23,665|26,643|2,818|6,218|1,455|6,270|26,697|15,377|16,545|1,722|1,185|5,035|2,167|13,872|40,059|4,970|4,829|2,124|16,565|64,330|1,173|22,117|29,673|1,227
16.02.2023|15,281|12,110|4,223|16,523|23,983|3,230|3,180|23,685|26,648|2,820|6,188|1,460|6,248|26,776|15,350|16,526|1,721|1,192|5,026|2,163|13,904|40,137|4,959|4,833|2,126|16,578|64,447|1,174|22,136|29,604|1,221
17.02.2023|15,241|12,124|4,274|16,506|23,964|3,245|3,185|23,715|26,680|2,845|6,135|1,468|6,265|26,940|15,389|16,563|1,714|1,202|5,036|2,153|13,852|40,307|4,964|4,824|2,118|16,663|64,540|1,183|22,318|29,829|1,231
20.02.2023|15,329|12,114|4,296|16,490|24,025|3,238|3,182|23,695|26,700|2,833|6,189|1,464|6,229|26,833|15,317|16,558|1,711|1,205|5,010|2,160|13,864|40,380|4,995|4,818|2,142|16,616|64,549|1,177|22,197|29,543|1,224
21.02.2023|15,294|12,133|4,306|16,536|24,080|3,235|3,187|23,730|26,981|2,837|6,210|1,465|6,110|26,879|15,399|16,508|1,711|1,210|5,020|2,168|13,883|40,437|4,998|4,824|2,155|16,627|64,346|1,179|22,252|29,617|1,220
22.02.2023|15,197|12,102|4,303|16,429|23,981|3,227|3,179|23,670|26,916|2,834|6,192|1,463|6,093|26,825|15,340|16,528|1,707|1,208|5,007|2,158|13,870|40,359|4,989|4,807|2,149|16,608|64,357|1,178|22,238|29,664|1,220
23.02.2023|15,230|12,109|4,325|16,486|23,943|3,235|3,182|23,685|26,873|2,843|6,211|1,469|6,167|27,013|15,511|16,527|1,721|1,218|5,031|2,162|13,900|40,587|4,994|4,820|2,142|16,622|64,279|1,182|22,309|29,721|1,220
24.02.2023|15,090|12,087|4,328|16,449|23,886|3,222|3,176|23,640|26,792|2,850|6,211|1,469|6,076|27,026|15,481|16,471|1,704|1,212|5,043|2,162|13,821|40,735|5,008|4,805|2,148|16,605|64,039|1,185|22,369|29,766|1,211
27.02.2023|15,008|12,076|4,305|16,480|23,778|3,219|3,174|23,620|26,818|2,852|6,216|1,466|6,099|27,042|15,509|16,414|1,692|1,219|4,997|2,154|13,744|40,310|5,009|4,801|2,135|16,580|63,761|1,185|22,380|29,716|1,213
28.02.2023|14,910|12,013|4,252|16,304|23,618|3,190|3,156|23,495|26,790|2,819|6,221|1,451|6,049|26,784|15,427|16,177|1,676|1,208|4,930|2,142|13,645|39,981|4,986|4,775|2,121|16,413|62,667|1,171|22,123|29,342|1,202
01.03.2023|14,849|11,978|4,218|16,119|23,427|3,194|3,147|23,425|26,447|2,793|6,270|1,439|6,045|26,587|15,442|16,175|1,686|1,202|4,901|2,123|13,742|39,855|5,011|4,764|2,110|16,360|63,198|1,161|21,920|29,127|1,209
02.03.2023|14,888|12,007|4,252|16,256|23,514|3,206|3,156|23,485|26,451|2,821|6,268|1,449|6,073|26,829|15,543|16,189|1,687|1,220|4,948|2,118|13,765|40,253|5,009|4,771|2,109|16,414|63,549|1,172|22,145|29,539|1,215
03.03.2023|14,948|12,021|4,256|16,285|23,611|3,207|3,159|23,510|26,554|2,821|6,207|1,448|6,041|27,046|15,642|16,264|1,700|1,224|4,948|2,125|13,773|40,445|4,994|4,775|2,110|16,446|63,921|1,172|22,148|29,451|1,219
06.03.2023|14,895|12,038|4,252|16,243|23,667|3,189|3,164|23,545|26,568|2,817|6,244|1,446|6,164|27,015|15,728|16,277|1,703|1,230|4,938|2,119|13,698|40,233|5,000|4,785|2,110|16,435|64,052|1,170|22,112|29,408|1,215
07.03.2023|14,684|12,013|4,255|16,146|23,589|3,177|3,157|23,495|26,409|2,807|6,226|1,435|6,101|26,924|15,674|16,181|1,688|1,223|4,926|2,099|13,637|40,013|5,010|4,778|2,092|16,367|63,639|1,165|22,031|29,302|1,199
08.03.2023|14,757|12,064|4,328|16,267|23,742|3,219|3,170|23,585|26,483|2,851|6,207|1,450|6,228|27,304|15,734|16,296|1,698|1,240|4,945|2,101|13,676|40,424|5,045|4,803|2,090|16,529|63,764|1,182|22,379|29,777|1,205
09.03.2023|14,796|12,078|4,356|16,204|23,832|3,213|3,174|23,620|26,596|2,851|6,228|1,451|6,202|27,265|15,757|16,421|1,693|1,248|4,950|2,095|13,711|40,555|5,049|4,806|2,084|16,541|63,728|1,181|22,378|29,615|1,202
10.03.2023|14,712|12,083|4,294|16,140|24,057|3,212|3,176|23,635|26,777|2,844|6,160|1,445|6,201|27,184|15,746|16,332|1,690|1,209|4,939|2,094|13,667|40,467|5,049|4,810|2,075|16,470|63,670|1,177|22,325|29,599|1,217
13.03.2023|14,779|12,139|4,221|16,103|24,357|3,235|3,190|23,745|26,871|2,828|6,073|1,443|6,118|26,966|15,736|16,726|1,697|1,176|4,932|2,085|13,785|40,333|5,059|4,829|2,076|16,444|64,185|1,169|22,179|29,626|1,221
14.03.2023|14,819|12,163|4,238|16,193|24,314|3,225|3,196|23,790|27,015|2,824|6,078|1,440|6,110|26,902|15,745|16,511|1,696|1,184|4,938|2,099|13,834|40,227|5,075|4,833|2,108|16,487|64,278|1,168|22,155|29,628|1,227
15.03.2023|15,069|12,240|4,302|16,508|24,614|3,287|3,216|23,940|27,447|2,892|6,021|1,477|6,246|27,420|15,928|17,161|1,718|1,199|5,062|2,111|14,078|41,243|5,094|4,864|2,137|16,808|65,500|1,196|22,696|30,214|1,233
16.03.2023|15,069|12,277|4,287|16,487|24,451|3,287|3,225|24,015|27,340|2,887|6,056|1,473|6,179|27,366|15,999|17,126|1,729|1,188|5,031|2,098|14,000|41,260|5,114|4,880|2,149|16,819|65,895|1,193|22,660|30,206|1,233
17.03.2023|15,089|12,245|4,289|16,422|24,300|3,276|3,217|23,950|27,375|2,872|6,050|1,469|6,131|27,280|16,042|17,040|1,723|1,199|5,026|2,097|14,077|41,209|5,091|4,867|2,139|16,792|66,073|1,186|22,545|30,089|1,228
20.03.2023|15,010|12,263|4,270|16,350|24,158|3,253|3,222|23,985|27,394|2,854|6,006|1,457|6,095|27,105|15,979|17,039|1,711|1,181|4,989|2,100|14,021|41,154|5,100|4,871|2,150|16,710|65,697|1,177|22,380|29,985|1,212
21.03.2023|14,778|12,192|4,222|16,193|23,920|3,220|3,202|23,845|27,085|2,820|6,090|1,442|6,053|26,781|15,886|16,719|1,695|1,183|4,947|2,108|13,693|40,767|5,074|4,844|2,148|16,568|64,577|1,163|22,125|29,686|1,194
22.03.2023|14,705|12,128|4,185|16,053|23,815|3,196|3,185|23,720|26,976|2,803|6,105|1,434|6,050|26,627|15,824|16,571|1,687|1,187|4,938|2,094|13,663|40,424|5,061|4,819|2,126|16,486|63,969|1,155|21,998|29,518|1,195
23.03.2023|14,566|12,097|4,149|15,905|23,735|3,184|3,177|23,660|26,728|2,771|6,144|1,438|6,010|26,440|15,784|16,561|1,694|1,172|4,923|2,097|13,617|40,017|5,048|4,806|2,109|16,392|63,748|1,142|21,748|29,310|1,196
24.03.2023|14,622|12,109|4,134|15,975|23,982|3,208|3,178|23,680|26,918|2,807|6,121|1,454|6,111|26,736|15,776|16,924|1,690|1,179|4,977|2,094|13,661|40,532|5,054|4,803|2,112|16,520|64,450|1,156|22,037|29,565|1,210
27.03.2023|14,648|12,135|4,212|16,070|24,033|3,202|3,185|23,735|27,030|2,806|6,162|1,453|6,179|26,766|15,834|16,756|1,695|1,198|4,982|2,093|13,643|40,676|5,066|4,804|2,117|16,537|64,025|1,154|22,030|29,555|1,203
28.03.2023|14,589|12,100|4,220|15,986|23,787|3,174|3,177|23,665|26,907|2,781|6,180|1,447|6,161|26,571|15,979|16,700|1,681|1,193|4,959|2,090|13,615|40,140|5,055|4,778|2,109|16,442|63,697|1,142|21,827|29,286|1,201
29.03.2023|14,540|12,082|4,223|16,034|23,695|3,165|3,172|23,630|26,856|2,775|6,222|1,446|6,105|26,462|15,891|16,457|1,674|1,198|4,930|2,091|13,576|40,046|5,042|4,773|2,092|16,381|63,696|1,139|21,785|29,293|1,203
30.03.2023|14,479|12,041|4,242|15,976|23,636|3,145|3,161|23,550|26,712|2,756|6,187|1,438|6,030|26,352|15,901|16,304|1,666|1,197|4,892|2,074|13,486|39,803|5,031|4,759|2,083|16,281|63,220|1,129|21,633|29,105|1,199
31.03.2023|14,436|12,009|4,259|15,937|23,563|3,142|3,154|23,490|26,717|2,751|6,189|1,440|5,977|26,273|15,840|16,218|1,654|1,196|4,895|2,062|13,505|39,776|5,030|4,746|2,082|16,238|63,265|1,126|21,598|29,064|1,215
03.04.2023|14,578|11,984|4,272|16,016|23,549|3,132|3,146|23,440|26,707|2,748|6,191|1,441|6,008|26,202|15,700|16,216|1,640|1,199|4,881|2,083|13,561|39,484|5,012|4,748|2,077|16,208|62,884|1,123|21,571|29,018|1,206
04.04.2023|14,488|11,974|4,246|15,992|23,528|3,121|3,143|23,420|26,811|2,736|6,215|1,442|6,026|26,136|15,687|16,156|1,632|1,191|4,875|2,085|13,503|39,393|5,014|4,748|2,080|16,183|62,742|1,117|21,478|28,886|1,204
05.04.2023|14,368|11,979|4,223|15,910|23,643|3,111|3,144|23,425|26,715|2,725|6,230|1,433|5,969|26,087|15,648|16,269|1,631|1,180|4,864|2,053|13,513|39,267|5,003|4,750|2,067|16,133|63,214|1,111|21,395|28,845|1,193
06.04.2023|14,351|11,969|4,251|15,919|23,693|3,122|3,142|23,410|26,745|2,732|6,225|1,438|5,964|26,195|15,638|16,320|1,627|1,173|4,876|2,056|13,461|39,309|4,997|4,741|2,056|16,139|62,966|1,114|21,450|28,955|1,177
11.04.2023|14,327|12,005|4,264|15,934|23,780|3,126|3,152|23,480|26,761|2,741|6,257|1,446|5,909|26,213|15,706|16,155|1,627|1,186|4,870|2,034|13,364|39,111|5,028|4,756|2,055|16,157|62,810|1,116|21,518|29,002|1,178
12.04.2023|14,301|11,974|4,286|15,900|23,764|3,115|3,143|23,420|26,594|2,731|6,230|1,441|5,833|26,108|15,708|16,031|1,617|1,183|4,859|2,041|13,269|38,844|5,022|4,741|2,064|16,107|62,587|1,110|21,439|28,897|1,163
13.04.2023|14,232|11,900|4,293|15,767|23,740|3,073|3,124|23,275|26,425|2,692|6,215|1,432|5,779|25,826|15,610|15,852|1,615|1,168|4,801|2,031|13,202|38,174|5,025|4,708|2,044|15,948|61,973|1,093|21,128|28,463|1,165
14.04.2023|14,318|11,936|4,297|15,857|23,748|3,082|3,133|23,345|26,401|2,689|6,247|1,436|5,773|25,832|15,595|15,926|1,623|1,169|4,795|2,048|13,277|38,189|5,027|4,724|2,057|15,917|61,932|1,090|21,110|28,533|1,171
17.04.2023|14,284|11,957|4,337|15,921|23,800|3,097|3,134|23,355|26,436|2,710|6,282|1,438|5,839|25,935|15,601|15,898|1,618|1,182|4,810|2,055|13,183|38,012|5,045|4,725|2,064|15,979|61,863|1,097|21,270|28,813|1,174
18.04.2023|14,364|11,952|4,330|15,929|23,770|3,101|3,137|23,375|26,524|2,715|6,290|1,436|5,855|25,984|15,615|15,915|1,618|1,186|4,806|2,039|13,255|37,885|5,062|4,735|2,069|15,998|62,158|1,099|21,312|28,757|1,173
19.04.2023|14,395|11,998|4,283|15,959|23,877|3,112|3,150|23,470|26,634|2,734|6,232|1,446|5,861|26,096|15,699|15,937|1,608|1,184|4,832|2,034|13,284|38,024|5,077|4,758|2,075|16,056|62,228|1,106|21,463|28,958|1,175
20.04.2023|14,427|12,015|4,230|15,930|23,959|3,122|3,153|23,500|26,666|2,736|6,219|1,447|5,873|26,137|15,719|15,938|1,620|1,185|4,840|2,024|13,231|38,266|5,095|4,766|2,075|16,099|62,502|1,107|21,479|28,915|1,183
21.04.2023|14,366|12,041|4,248|15,852|24,040|3,114|3,160|23,550|26,589|2,733|6,239|1,439|5,863|26,129|15,690|16,027|1,614|1,192|4,833|2,021|13,146|38,332|5,108|4,766|2,079|16,073|62,380|1,105|21,448|28,924|1,184
24.04.2023|14,237|11,987|4,200|15,729|23,930|3,092|3,146|23,445|26,507|2,716|6,250|1,436|5,827|26,017|15,620|15,827|1,597|1,182|4,803|2,012|13,085|38,282|5,091|4,756|2,073|15,966|61,942|1,098|21,312|28,730|1,176
25.04.2023|14,173|12,001|4,209|15,671|23,988|3,076|3,149|23,470|26,479|2,713|6,252|1,434|5,853|25,986|15,615|15,868|1,590|1,185|4,789|2,009|13,125|38,346|5,114|4,754|2,078|15,928|61,812|1,096|21,294|28,744|1,165
26.04.2023|14,054|12,014|4,209|15,626|23,920|3,075|3,152|23,495|26,531|2,712|6,253|1,435|5,852|26,030|15,695|15,917|1,591|1,179|4,776|2,005|13,036|38,239|5,116|4,757|2,064|15,938|62,288|1,096|21,287|28,729|1,156
27.04.2023|14,098|12,017|4,229|15,631|23,830|3,075|3,154|23,505|26,575|2,712|6,296|1,448|5,850|26,023|15,701|15,965|1,587|1,174|4,770|2,008|13,102|38,203|5,121|4,759|2,066|15,936|62,414|1,096|21,287|28,765|1,167
28.04.2023|14,099|12,019|4,278|15,688|23,896|3,095|3,153|23,505|26,695|2,728|6,291|1,460|5,887|26,165|15,765|15,727|1,598|1,186|4,800|1,994|13,153|38,592|5,131|4,767|2,072|16,012|62,736|1,101|21,411|28,928|1,166
02.05.2023|14,410|12,063|4,302|15,849|23,980|3,114|3,165|23,595|26,853|2,742|6,342|1,464|5,942|26,293|15,762|15,669|1,605|1,199|4,821|2,005|13,363|38,864|5,157|4,786|2,090|16,111|62,970|1,105|21,522|29,005|1,171
03.05.2023|14,228|12,043|4,240|15,674|24,015|3,091|3,162|23,560|26,694|2,721|6,273|1,455|5,872|26,109|15,696|15,732|1,602|1,189|4,797|1,982|13,301|38,616|5,143|4,778|2,080|16,031|62,814|1,097|21,360|28,721|1,169
04.05.2023|14,138|11,997|4,242|15,564|23,924|3,063|3,149|23,460|26,646|2,698|6,276|1,442|5,822|25,896|15,630|15,754|1,599|1,184|4,754|1,979|13,277|38,256|5,111|4,759|2,068|15,954|62,658|1,086|21,171|28,575|1,164
05.05.2023|14,283|11,964|4,252|15,748|23,810|3,075|3,141|23,400|26,779|2,708|6,283|1,448|5,827|26,006|15,590|15,833|1,612|1,187|4,789|2,001|13,380|38,470|5,112|4,749|2,083|16,029|62,956|1,090|21,248|28,731|1,157
09.05.2023|14,410|11,948|4,258|15,914|23,867|3,079|3,138|23,365|26,854|2,718|6,291|1,447|5,826|25,970|15,504|15,784|1,608|1,198|4,789|2,019|13,491|38,208|5,110|4,749|2,088|16,062|63,274|1,092|21,311|28,811|1,156
10.05.2023|14,430|11,971|4,295|15,976|23,969|3,088|3,144|23,415|26,973|2,731|6,314|1,452|5,833|26,068|15,620|15,802|1,615|1,207|4,796|2,027|13,532|38,392|5,163|4,757|2,092|16,101|63,513|1,094|21,384|28,852|1,142
11.05.2023|14,486|12,015|4,330|16,017|24,066|3,098|3,155|23,500|27,072|2,742|6,333|1,460|5,905|26,183|15,677|16,011|1,618|1,223|4,816|2,041|13,640|38,591|5,195|4,764|2,095|16,188|63,812|1,099|21,491|28,964|1,133
12.05.2023|14,481|12,070|4,379|16,064|24,233|3,118|3,169|23,605|27,128|2,764|6,366|1,470|5,944|26,370|15,705|16,061|1,622|1,230|4,840|2,031|13,490|38,835|5,208|4,785|2,100|16,245|63,785|1,106|21,678|29,191|1,127
15.05.2023|14,489|12,048|4,412|16,050|24,180|3,117|3,164|23,565|27,103|2,765|6,380|1,464|5,925|26,334|15,616|15,909|1,622|1,234|4,818|2,033|13,472|38,648|5,228|4,773|2,087|16,200|64,108|1,102|21,671|29,147|1,134
16.05.2023|14,520|12,105|4,438|16,167|24,332|3,124|3,179|23,675|27,230|2,776|6,411|1,468|5,941|26,463|15,689|16,007|1,623|1,247|4,836|2,040|13,584|38,802|5,277|4,784|2,099|16,277|64,045|1,104|21,758|29,214|1,140
17.05.2023|14,529|12,083|4,403|16,184|24,253|3,119|3,174|23,635|27,203|2,788|6,374|1,468|5,980|26,495|15,539|15,936|1,631|1,242|4,823|2,016|13,656|38,878|5,246|4,764|2,087|16,254|63,665|1,105|21,826|29,321|1,133
18.05.2023|14,540|12,107|4,414|16,254|24,322|3,115|3,179|23,680|27,244|2,796|6,333|1,473|6,015|26,508|15,630|15,881|1,642|1,235|4,825|2,018|13,668|39,231|5,212|4,763|2,084|16,275|63,775|1,106|21,889|29,301|1,128
19.05.2023|14,638|12,145|4,439|16,306|24,381|3,136|3,189|23,755|27,357|2,811|6,305|1,473|6,039|26,567|15,701|15,884|1,658|1,245|4,843|2,030|13,807|39,420|5,256|4,772|2,089|16,338|63,911|1,110|21,979|29,377|1,138
22.05.2023|14,528|12,106|4,372|16,196|24,404|3,112|3,179|23,675|27,257|2,795|6,316|1,469|5,989|26,399|15,648|15,814|1,663|1,222|4,810|2,009|13,736|39,225|5,243|4,760|2,080|16,267|63,514|1,103|21,877|29,226|1,132
23.05.2023|14,537|12,105|4,410|16,251|24,363|3,114|3,179|23,675|27,211|2,802|6,282|1,476|5,958|26,522|15,648|15,863|1,664|1,226|4,806|2,008|13,724|39,420|5,262|4,761|2,068|16,296|63,244|1,106|21,962|29,361|1,138
24.05.2023|14,433|12,084|4,434|16,216|24,325|3,115|3,178|23,670|27,217|2,803|6,349|1,473|5,907|26,556|15,644|15,856|1,665|1,230|4,780|2,005|13,464|39,410|5,273|4,771|2,056|16,300|63,660|1,104|21,948|29,275|1,141
25.05.2023|14,393|12,090|4,436|16,199|24,364|3,116|3,174|23,645|27,256|2,812|6,352|1,473|5,927|26,629|15,690|15,817|1,662|1,239|4,761|2,009|13,404|39,320|5,243|4,777|2,048|16,292|63,659|1,105|22,024|29,359|1,140
26.05.2023|14,380|12,089|4,384|16,155|24,364|3,116|3,174|23,645|27,241|2,807|6,369|1,470|5,886|26,616|15,816|15,740|1,658|1,239|4,780|1,999|13,390|39,395|5,211|4,769|2,050|16,283|63,436|1,098|21,991|29,258|1,124
29.05.2023|14,461|12,115|4,434|16,267|24,474|3,125|3,181|23,695|27,297|2,825|6,378|1,477|5,945|26,772|15,871|15,768|1,671|1,257|4,803|1,988|13,404|39,461|5,241|4,777|2,044|16,342|63,650|1,100|22,117|29,451|1,124
30.05.2023|14,471|12,125|4,408|16,265|24,472|3,121|3,184|23,715|27,473|2,818|6,403|1,473|5,954|26,711|15,884|15,811|1,675|1,258|4,798|1,998|13,391|39,222|5,244|4,779|2,040|16,359|63,660|1,082|22,076|29,397|1,123
31.05.2023|14,394|12,141|4,387|16,277|24,413|3,127|3,188|23,745|27,482|2,836|6,401|1,482|5,978|26,872|15,862|15,922|1,676|1,256|4,814|1,978|13,347|39,526|5,234|4,778|2,043|16,410|63,944|1,072|22,219|29,570|1,123
01.06.2023|14,436|12,109|4,394|16,331|24,332|3,116|3,180|23,685|27,600|2,829|6,394|1,478|5,928|26,867|15,822|15,854|1,677|1,256|4,802|1,981|13,321|39,460|5,214|4,771|2,034|16,373|63,683|1,067|22,154|29,409|1,119
02.06.2023|14,561|12,095|4,405|16,375|24,244|3,111|3,176|23,655|27,533|2,805|6,370|1,466|5,869|26,688|15,759|15,824|1,688|1,255|4,802|1,996|13,401|39,333|5,260|4,766|2,047|16,346|63,546|1,053|21,982|29,236|1,131
05.06.2023|14,539|12,051|4,459|16,411|24,223|3,099|3,164|23,570|27,305|2,813|6,385|1,481|5,895|26,687|15,620|15,726|1,688|1,256|4,817|1,993|13,346|39,239|5,267|4,748|2,024|16,310|63,216|1,038|22,049|29,416|1,139
06.06.2023|14,663|12,027|4,478|16,406|24,245|3,095|3,157|23,520|27,320|2,809|6,387|1,482|5,951|26,670|15,566|15,778|1,694|1,262|4,781|1,980|13,377|39,177|5,242|4,739|2,024|16,324|63,335|1,024|22,027|29,255|1,143
07.06.2023|14,775|12,087|4,493|16,470|24,363|3,102|3,173|23,640|27,501|2,814|6,406|1,483|6,038|26,743|15,708|15,826|1,696|1,270|4,798|2,004|13,402|39,403|5,289|4,767|2,033|16,382|63,505|0,953|22,060|29,320|1,159
08.06.2023|14,706|12,079|4,469|16,472|24,235|3,087|3,171|23,625|27,439|2,809|6,407|1,477|5,996|26,659|15,803|15,750|1,688|1,268|4,765|2,009|13,351|39,230|5,276|4,770|2,028|16,338|63,169|0,941|22,005|29,272|1,161
09.06.2023|14,776|12,100|4,460|16,481|24,356|3,080|3,176|23,665|27,592|2,801|6,417|1,479|6,103|26,619|15,829|15,749|1,702|1,263|4,758|2,038|13,426|39,167|5,305|4,774|2,026|16,343|63,471|0,940|21,955|29,202|1,172
12.06.2023|14,924|12,149|4,531|16,551|24,364|3,090|3,188|23,760|27,726|2,817|6,456|1,485|6,151|26,765|15,893|15,830|1,714|1,278|4,776|2,044|13,544|39,380|5,355|4,794|2,044|16,431|63,776|0,936|22,066|29,395|1,190
13.06.2023|14,955|12,174|4,539|16,538|24,331|3,085|3,195|23,810|27,732|2,816|6,414|1,484|6,179|26,789|15,926|15,807|1,733|1,276|4,778|2,049|13,555|39,514|5,322|4,798|2,046|16,460|63,840|0,932|22,059|29,400|1,186
14.06.2023|14,949|12,166|4,535|16,547|24,411|3,075|3,193|23,795|27,850|2,810|6,421|1,477|6,104|26,820|16,002|15,729|1,722|1,279|4,761|2,074|13,596|39,350|5,342|4,801|2,058|16,406|63,399|0,933|22,004|29,338|1,196
15.06.2023|14,916|12,151|4,543|16,461|24,328|3,062|3,189|23,765|27,756|2,802|6,328|1,467|6,118|26,663|15,918|15,537|1,710|1,276|4,740|2,067|13,529|39,127|5,312|4,793|2,043|16,321|62,933|0,926|21,930|29,250|1,190
16.06.2023|14,948|12,179|4,506|16,429|24,380|3,051|3,197|23,820|27,881|2,777|6,384|1,454|6,106|26,527|15,933|15,398|1,704|1,269|4,707|2,068|13,543|38,911|5,326|4,801|2,056|16,265|62,777|0,918|21,723|28,992|1,197
19.06.2023|14,908|12,160|4,525|16,501|24,333|3,042|3,193|23,785|27,890|2,785|6,353|1,452|6,038|26,567|15,952|15,346|1,698|1,273|4,705|2,045|13,500|39,058|5,338|4,797|2,034|16,238|62,595|0,921|21,771|29,192|1,198
20.06.2023|14,731|12,141|4,540|16,406|24,216|3,026|3,188|23,745|27,707|2,775|6,368|1,448|6,019|26,451|15,926|15,368|1,688|1,269|4,680|2,028|13,406|39,073|5,340|4,784|2,019|16,168|62,512|0,921|21,715|29,116|1,188
21.06.2023|14,709|12,148|4,541|16,461|24,227|3,028|3,190|23,760|27,675|2,779|6,418|1,456|6,033|26,531|16,022|15,335|1,681|1,267|4,684|2,023|13,428|39,124|5,358|4,788|2,022|16,190|62,452|0,924|21,758|29,115|1,183
22.06.2023|14,614|12,104|4,520|16,368|24,098|3,002|3,178|23,675|27,521|2,753|6,412|1,442|5,945|26,289|15,943|15,176|1,661|1,256|4,633|2,039|13,377|38,719|5,349|4,770|2,018|16,060|61,442|0,889|21,546|28,802|1,169
23.06.2023|14,521|12,097|4,523|16,450|24,208|3,028|3,177|23,660|27,672|2,776|6,397|1,450|6,004|26,513|15,890|15,183|1,660|1,260|4,648|1,993|13,319|38,973|5,345|4,776|2,025|16,068|61,733|0,861|21,734|29,142|1,161
26.06.2023|14,478|12,094|4,533|16,495|24,287|2,997|3,177|23,655|27,543|2,768|6,411|1,443|5,979|26,416|15,887|15,127|1,659|1,266|4,636|2,020|13,377|38,868|5,331|4,773|2,024|16,025|61,622|0,836|21,668|28,892|1,165
27.06.2023|14,420|12,068|4,526|16,382|24,113|2,989|3,170|23,605|27,448|2,751|6,402|1,437|5,923|26,284|15,853|15,026|1,657|1,262|4,619|2,007|13,307|38,980|5,329|4,758|2,010|15,984|61,146|0,828|21,550|28,756|1,167
28.06.2023|14,343|12,112|4,475|16,357|24,130|2,990|3,181|23,690|27,415|2,767|6,374|1,445|5,895|26,399|15,953|15,009|1,652|1,267|4,638|2,002|13,179|39,240|5,290|4,774|2,009|16,016|60,879|0,831|21,668|28,955|1,157
29.06.2023|14,380|12,115|4,476|16,343|24,217|2,995|3,182|23,695|27,433|2,765|6,381|1,445|5,866|26,421|15,892|15,023|1,647|1,268|4,639|2,012|13,212|39,200|5,328|4,774|2,005|16,024|60,897|0,832|21,669|28,930|1,158
30.06.2023|14,475|12,133|4,508|16,456|24,243|3,005|3,187|23,730|27,646|2,786|6,384|1,456|5,861|26,596|15,958|15,096|1,652|1,278|4,677|2,027|13,296|39,490|5,346|4,781|2,010|16,105|61,634|0,838|21,831|29,120|1,155
03.07.2023|14,468|12,123|4,561|16,416|24,195|3,002|3,184|23,710|27,574|2,777|6,321|1,448|5,859|26,549|15,860|15,023|1,663|1,271|4,662|2,026|13,351|39,349|5,342|4,786|2,003|16,090|61,850|0,834|21,758|28,940|1,160
04.07.2023|14,544|12,116|4,529|16,448|24,272|3,012|3,181|23,695|27,656|2,776|6,311|1,450|5,872|26,509|15,892|15,057|1,675|1,275|4,673|2,043|13,457|39,367|5,360|4,788|2,006|16,121|62,313|0,834|21,740|28,915|1,166
07.07.2023|14,585|12,242|4,482|16,458|24,539|3,041|3,214|23,945|28,076|2,810|6,167|1,453|5,924|26,601|16,300|15,349|1,684|1,274|4,711|2,044|13,566|39,600|5,333|4,832|2,011|16,272|62,421|0,844|21,997|29,335|1,151
10.07.2023|14,457|12,189|4,470|16,384|24,440|3,007|3,200|23,840|27,811|2,780|6,230|1,432|5,872|26,347|16,185|15,306|1,668|1,271|4,660|2,061|13,461|39,101|5,356|4,816|2,008|16,139|61,934|0,834|21,764|29,036|1,152
11.07.2023|14,460|12,193|4,433|16,347|24,598|3,014|3,200|23,850|28,018|2,772|6,282|1,433|5,857|26,332|16,236|15,455|1,677|1,270|4,660|2,085|13,421|39,227|5,351|4,819|2,029|16,170|62,404|0,831|21,703|29,024|1,164
12.07.2023|14,460|12,182|4,455|16,341|24,603|3,005|3,197|23,825|27,895|2,761|6,323|1,433|5,888|26,258|16,219|15,481|1,677|1,271|4,647|2,102|13,370|39,395|5,357|4,814|2,039|16,146|61,949|0,826|21,611|29,008|1,171
13.07.2023|14,573|12,143|4,419|16,145|24,633|2,966|3,187|23,750|27,759|2,715|6,331|1,419|5,884|25,874|16,167|15,335|1,675|1,256|4,629|2,112|13,513|39,079|5,357|4,804|2,064|16,031|61,416|0,812|21,243|28,546|1,175
14.07.2023|14,540|12,156|4,416|16,145|24,619|2,970|3,192|23,775|27,781|2,712|6,352|1,417|5,869|25,791|16,184|15,282|1,671|1,255|4,682|2,121|13,516|38,895|5,344|4,809|2,068|16,045|61,170|0,809|21,192|28,648|1,177
17.07.2023|14,409|12,148|4,399|16,007|24,603|2,953|3,189|23,760|27,665|2,707|6,369|1,410|5,807|25,791|16,174|15,285|1,671|1,260|4,659|2,114|13,403|38,864|5,340|4,808|2,070|16,007|61,147|0,804|21,154|28,653|1,173
18.07.2023|14,418|12,179|4,407|16,038|24,683|2,952|3,197|23,820|27,745|2,711|6,373|1,412|5,847|25,811|16,282|15,327|1,678|1,267|4,662|2,102|13,304|38,909|5,356|4,824|2,070|16,031|62,011|0,785|21,178|28,682|1,181
19.07.2023|14,428|12,232|4,428|16,172|24,853|2,954|3,211|23,925|27,531|2,731|6,381|1,422|5,948|25,980|16,331|15,267|1,685|1,272|4,694|2,123|13,329|39,054|5,376|4,839|2,084|16,085|62,406|0,792|21,324|28,902|1,189
20.07.2023|14,596|12,251|4,460|16,283|24,871|2,986|3,216|23,960|27,558|2,739|6,317|1,428|5,954|26,103|16,377|15,325|1,683|1,274|4,710|2,147|13,414|39,235|5,383|4,852|2,087|16,177|62,993|0,795|21,399|28,892|1,199
21.07.2023|14,562|12,297|4,504|16,395|24,975|3,011|3,228|24,050|27,729|2,766|6,320|1,439|5,980|26,371|16,439|15,258|1,682|1,275|4,739|2,151|13,371|39,499|5,394|4,872|2,082|16,257|62,896|0,803|21,618|29,207|1,200
24.07.2023|14,668|12,353|4,558|16,510|25,187|3,031|3,243|24,160|27,985|2,788|6,386|1,450|6,005|26,621|16,514|15,443|1,701|1,290|4,764|2,159|13,503|39,900|5,432|4,906|2,092|16,370|63,368|0,808|21,781|29,315|1,221
25.07.2023|14,729|12,292|4,606|16,509|25,045|3,048|3,227|24,045|27,907|2,785|6,354|1,451|5,881|26,579|16,503|15,395|1,705|1,294|4,768|2,154|13,529|39,885|5,433|4,883|2,092|16,381|63,056|0,807|21,754|29,252|1,237
26.07.2023|14,667|12,298|4,585|16,451|25,188|3,040|3,227|24,050|28,071|2,786|6,258|1,448|5,862|26,513|16,529|15,493|1,705|1,288|4,780|2,148|13,503|39,803|5,441|4,879|2,086|16,382|63,471|0,807|21,747|29,223|1,228
27.07.2023|14,683|12,302|4,569|16,414|25,222|3,025|3,228|24,055|28,015|2,772|6,347|1,441|5,826|26,388|16,533|15,420|1,691|1,290|4,782|2,162|13,514|39,623|5,435|4,879|2,091|16,334|63,426|0,803|21,622|29,111|1,234
28.07.2023|14,546|12,281|4,622|16,502|25,146|3,048|3,223|24,020|28,080|2,797|6,275|1,445|5,901|26,534|16,577|15,648|1,707|1,306|4,790|2,150|13,449|39,760|5,447|4,872|2,079|16,389|63,431|0,809|21,815|29,426|1,236
31.07.2023|14,555|12,226|4,599|16,421|24,858|3,034|3,208|23,910|27,883|2,782|6,180|1,439|5,872|26,376|16,570|15,254|1,701|1,299|4,811|2,140|13,460|39,503|5,424|4,845|2,064|16,314|63,387|0,805|21,695|29,137|1,223
01.08.2023|14,469|12,246|4,597|16,447|24,914|3,049|3,214|23,950|27,896|2,803|6,151|1,446|5,982|26,557|16,597|15,273|1,695|1,300|4,835|2,136|13,429|39,827|5,408|4,856|2,056|16,365|63,714|0,810|21,849|29,342|1,203
02.08.2023|14,325|12,230|4,554|16,375|24,800|3,039|3,210|23,920|27,778|2,796|6,183|1,437|5,963|26,415|16,531|15,266|1,684|1,293|4,799|2,143|13,307|39,566|5,380|4,847|2,045|16,294|63,597|0,809|21,809|29,218|1,188
03.08.2023|14,341|12,284|4,529|16,434|25,077|3,063|3,224|24,025|27,800|2,814|6,142|1,447|5,947|26,541|16,603|15,374|1,688|1,273|4,821|2,131|13,355|39,590|5,387|4,865|2,048|16,363|63,444|0,815|21,969|29,418|1,179
04.08.2023|14,542|12,414|4,515|16,579|25,299|3,087|3,258|24,280|28,167|2,840|6,196|1,462|6,017|26,767|16,756|15,550|1,691|1,282|4,869|2,169|13,483|39,827|5,458|4,902|2,075|16,514|63,758|0,822|22,180|29,641|1,189
07.08.2023|14,511|12,396|4,524|16,513|25,194|3,071|3,254|24,245|28,141|2,828|6,222|1,454|6,012|26,681|16,709|15,524|1,688|1,293|4,842|2,175|13,474|39,315|5,494|4,899|2,080|16,461|63,393|0,818|22,074|29,511|1,186
08.08.2023|14,405|12,396|4,492|16,428|25,249|3,070|3,254|24,245|28,130|2,836|6,238|1,456|5,977|26,730|16,732|15,489|1,677|1,288|4,834|2,146|13,382|39,255|5,449|4,897|2,064|16,416|63,192|0,820|22,154|29,650|1,172
09.08.2023|14,477|12,426|4,523|16,484|25,243|3,076|3,261|24,300|28,189|2,834|6,250|1,459|5,968|26,741|16,817|15,445|1,686|1,291|4,848|2,168|13,421|39,378|5,438|4,911|2,073|16,461|63,300|0,820|22,159|29,610|1,162
10.08.2023|14,462|12,393|4,504|16,417|25,198|3,051|3,253|24,240|28,086|2,813|6,298|1,448|5,913|26,601|16,775|15,298|1,675|1,293|4,810|2,170|13,377|39,199|5,441|4,904|2,074|16,352|62,824|0,813|21,990|29,411|1,172
11.08.2023|14,303|12,318|4,491|16,291|25,066|3,029|3,234|24,095|27,886|2,803|6,295|1,440|5,880|26,462|16,652|15,158|1,652|1,288|4,776|2,108|13,170|38,774|5,433|4,877|2,040|16,231|62,508|0,810|21,907|29,342|1,163
14.08.2023|14,266|12,292|4,478|16,351|25,026|3,030|3,227|24,045|27,888|2,813|6,283|1,436|5,906|26,469|16,617|15,152|1,647|1,292|4,764|2,103|13,131|38,692|5,417|4,866|2,031|16,231|62,517|0,813|21,995|29,396|1,157
15.08.2023|14,299|12,343|4,445|16,379|25,193|3,033|3,240|24,140|28,093|2,824|6,217|1,440|5,863|26,505|16,729|15,174|1,653|1,290|4,766|2,105|13,192|38,858|5,378|4,886|2,040|16,279|62,462|0,817|22,094|29,468|1,150
16.08.2023|14,242|12,306|4,436|16,349|25,060|3,023|3,230|24,070|28,111|2,818|6,246|1,444|5,875|26,513|16,704|15,135|1,648|1,291|4,765|2,101|13,166|38,939|5,406|4,876|2,034|16,245|62,401|0,815|22,060|29,392|1,154
17.08.2023|14,214|12,309|4,447|16,353|25,187|3,034|3,231|24,075|28,181|2,822|6,254|1,445|5,855|26,592|16,707|15,155|1,651|1,293|4,748|2,094|13,153|38,997|5,385|4,875|2,029|16,273|62,456|0,815|22,089|29,417|1,160
18.08.2023|14,137|12,288|4,441|16,313|25,114|3,036|3,226|24,035|28,110|2,825|6,264|1,447|5,829|26,627|16,726|15,200|1,650|1,294|4,760|2,075|13,096|39,292|5,378|4,860|2,013|16,293|62,574|0,816|22,121|29,437|1,159
21.08.2023|14,138|12,282|4,442|16,317|25,057|3,022|3,224|24,025|28,111|2,811|6,293|1,438|5,803|26,507|16,719|15,098|1,644|1,293|4,740|2,086|13,052|39,127|5,364|4,862|2,017|16,246|62,739|0,811|22,032|29,300|1,162
22.08.2023|14,222|12,274|4,453|16,309|25,100|3,024|3,221|24,005|28,134|2,813|6,285|1,439|5,842|26,585|16,705|15,124|1,650|1,302|4,743|2,084|13,142|39,184|5,378|4,862|2,023|16,269|62,950|0,810|22,045|29,348|1,178
23.08.2023|14,327|12,340|4,529|16,446|25,337|3,062|3,238|24,135|28,177|2,848|6,297|1,460|5,898|27,007|16,866|15,345|1,666|1,322|4,795|2,085|13,242|39,321|5,392|4,885|2,028|16,439|63,622|0,820|22,327|29,718|1,194
24.08.2023|14,325|12,338|4,569|16,430|25,230|3,058|3,237|24,130|28,163|2,839|6,276|1,460|5,890|26,961|16,862|15,277|1,684|1,323|4,793|2,084|13,209|39,249|5,391|4,889|2,025|16,437|63,587|0,843|22,264|29,549|1,192
25.08.2023|14,354|12,338|4,592|16,442|25,229|3,063|3,237|24,130|28,170|2,846|6,319|1,459|5,885|27,020|16,862|15,298|1,687|1,332|4,811|2,095|13,223|39,425|5,401|4,886|2,029|16,481|63,702|0,843|22,323|29,687|1,197
28.08.2023|14,333|12,342|4,583|16,427|25,254|3,063|3,239|24,140|28,117|2,847|6,309|1,461|5,878|27,035|16,964|15,243|1,684|1,337|4,799|2,086|13,200|39,398|5,395|4,891|2,029|16,465|63,317|0,841|22,338|29,639|1,197
29.08.2023|14,359|12,352|4,578|16,412|25,285|3,066|3,242|24,160|28,139|2,850|6,319|1,466|5,876|27,018|17,026|15,198|1,686|1,331|4,815|2,089|13,199|39,414|5,402|4,889|2,035|16,494|63,538|0,840|22,367|29,666|1,205
30.08.2023|14,338|12,313|4,565|16,315|25,193|3,036|3,234|24,105|28,062|2,819|6,338|1,452|5,824|26,765|16,892|15,145|1,671|1,321|4,768|2,088|13,216|38,969|5,390|4,878|2,036|16,363|63,103|0,827|22,123|29,334|1,191
31.08.2023|14,347|12,309|4,539|16,346|25,096|3,037|3,230|24,075|28,083|2,821|6,332|1,453|5,821|26,746|16,918|15,181|1,673|1,323|4,769|2,081|13,190|39,078|5,388|4,872|2,034|16,386|63,320|0,830|22,130|29,436|1,180
01.09.2023|14,419|12,339|4,515|16,463|25,206|3,067|3,238|24,135|28,212|2,837|6,290|1,460|5,862|26,906|16,913|15,323|1,690|1,303|4,788|2,100|13,284|39,361|5,402|4,879|2,028|16,482|63,652|0,833|22,254|29,597|1,190
04.09.2023|14,424|12,326|4,525|16,411|25,245|3,070|3,235|24,105|28,174|2,849|6,296|1,465|5,850|26,991|16,821|15,243|1,694|1,308|4,795|2,096|13,267|39,427|5,397|4,874|2,025|16,485|63,421|0,834|22,319|29,685|1,178
05.09.2023|14,332|12,355|4,542|16,490|25,308|3,082|3,242|24,165|28,263|2,871|6,261|1,475|5,932|27,115|16,793|15,273|1,688|1,306|4,828|2,094|13,207|39,541|5,383|4,882|2,029|16,531|63,444|0,840|22,510|29,939|1,173
06.09.2023|14,411|12,365|4,525|16,524|25,330|3,087|3,248|24,215|28,318|2,875|6,224|1,474|5,921|27,113|16,828|15,311|1,693|1,285|4,824|2,105|13,284|39,550|5,379|4,882|2,032|16,560|63,480|0,841|22,548|29,827|1,170
07.09.2023|14,538|12,460|4,573|16,670|25,496|3,107|3,267|24,370|28,372|2,904|6,281|1,485|5,914|27,361|16,935|15,459|1,703|1,303|4,865|2,123|13,395|40,083|5,312|4,913|2,046|16,678|63,932|0,848|22,763|30,112|1,188
08.09.2023|14,612|12,508|4,592|16,732|25,635|3,113|3,280|24,465|28,533|2,916|6,343|1,491|5,942|27,535|17,073|15,502|1,713|1,308|4,887|2,141|13,499|40,332|5,295|4,929|2,055|16,751|64,287|0,851|22,856|30,172|1,196
11.09.2023|14,726|12,542|4,620|16,840|25,654|3,134|3,289|24,530|28,636|2,920|6,387|1,492|5,963|27,568|17,070|15,616|1,720|1,304|4,893|2,148|13,553|40,315|5,279|4,942|2,065|16,809|64,465|0,851|22,871|30,186|1,211
12.09.2023|14,742|12,572|4,653|16,906|25,716|3,148|3,296|24,590|28,617|2,931|6,387|1,496|6,036|27,675|17,112|15,617|1,728|1,326|4,907|2,147|13,546|40,514|5,277|4,946|2,068|16,847|64,316|0,853|22,951|30,349|1,209
13.09.2023|14,613|12,527|4,611|16,827|25,547|3,136|3,284|24,500|28,460|2,917|6,376|1,485|5,974|27,504|17,049|15,481|1,718|1,323|4,878|2,134|13,467|40,234|5,301|4,932|2,050|16,764|63,813|0,849|22,829|30,168|1,205
14.09.2023|14,719|12,508|4,651|16,885|25,558|3,137|3,281|24,475|28,469|2,916|6,372|1,487|5,970|27,511|16,844|15,499|1,722|1,331|4,876|2,130|13,538|40,274|5,286|4,924|2,050|16,776|63,822|0,847|22,831|30,198|1,206
15.09.2023|14,844|12,529|4,729|17,002|25,646|3,160|3,286|24,505|28,536|2,938|6,384|1,498|6,041|27,659|16,865|15,556|1,731|1,345|4,910|2,144|13,600|40,437|5,288|4,931|2,063|16,871|64,250|0,852|22,996|30,411|1,207
18.09.2023|14,731|12,481|4,709|16,950|25,524|3,138|3,274|24,410|28,347|2,927|6,353|1,489|5,979|27,479|16,823|15,505|1,727|1,339|4,882|2,110|13,518|40,331|5,263|4,912|2,036|16,775|64,156|0,847|22,892|30,188|1,202
19.09.2023|14,755|12,492|4,707|16,996|25,458|3,127|3,277|24,430|28,324|2,916|6,377|1,482|6,001|27,401|16,860|15,439|1,721|1,335|4,855|2,126|13,560|40,253|5,249|4,915|2,056|16,738|63,444|0,843|22,800|30,072|1,204
20.09.2023|14,786|12,473|4,694|16,984|25,419|3,125|3,273|24,395|28,205|2,915|6,358|1,483|5,987|27,443|16,789|15,418|1,717|1,338|4,867|2,124|13,600|40,212|5,254|4,908|2,053|16,732|63,235|0,843|22,803|30,101|1,210
21.09.2023|14,708|12,498|4,687|17,012|25,387|3,147|3,279|24,445|28,184|2,939|6,302|1,495|6,034|27,656|16,801|15,535|1,714|1,340|4,899|2,120|13,577|40,381|5,281|4,918|2,049|16,789|63,540|0,848|22,985|30,333|1,213
22.09.2023|14,778|12,467|4,660|17,044|25,275|3,135|3,271|24,385|28,083|2,928|6,311|1,489|6,015|27,609|16,783|15,443|1,718|1,336|4,885|2,134|13,674|40,340|5,312|4,907|2,053|16,781|63,676|0,843|22,897|30,146|1,219
25.09.2023|14,739|12,466|4,644|17,038|25,193|3,138|3,269|24,380|28,040|2,933|6,233|1,489|6,029|27,595|16,756|15,426|1,714|1,331|4,895|2,134|13,682|40,408|5,310|4,907|2,080|16,789|63,512|0,843|22,933|30,178|1,223
26.09.2023|14,767|12,487|4,633|17,060|25,241|3,151|3,275|24,425|28,064|2,945|6,279|1,487|6,030|27,664|16,833|15,474|1,708|1,321|4,911|2,135|13,737|40,403|5,298|4,915|2,096|16,846|63,396|0,845|23,032|30,301|1,212
27.09.2023|14,781|12,508|4,636|17,160|25,268|3,175|3,281|24,465|28,175|2,968|6,257|1,496|6,039|27,904|16,884|15,557|1,716|1,319|4,931|2,153|13,758|40,700|5,290|4,918|2,104|16,928|63,467|0,850|23,214|30,488|1,210
29.09.2023|14,896|12,445|4,581|17,102|25,174|3,146|3,264|24,340|28,146|2,933|6,254|1,486|6,023|27,646|16,798|15,391|1,707|1,315|4,891|2,163|13,847|40,585|5,262|4,895|2,111|16,847|62,939|0,838|22,967|30,117|1,218
02.10.2023|14,850|12,506|4,595|17,058|25,379|3,181|3,280|24,460|28,235|2,965|6,286|1,496|6,058|27,928|16,673|15,510|1,713|1,324|4,924|2,161|13,864|40,901|5,303|4,917|2,112|16,927|62,867|0,846|23,227|30,543|1,213
03.10.2023|14,748|12,524|4,598|17,048|25,358|3,203|3,284|24,495|28,238|2,986|6,337|1,501|6,077|28,105|16,789|15,595|1,718|1,319|4,951|2,145|13,804|41,177|5,300|4,923|2,106|17,015|63,134|0,850|23,384|30,651|1,211
04.10.2023|14,720|12,492|4,531|16,959|25,372|3,182|3,275|24,430|28,226|2,967|6,313|1,486|6,027|27,890|16,767|15,606|1,715|1,301|4,910|2,123|13,740|40,976|5,277|4,910|2,109|16,955|62,808|0,843|23,229|30,363|1,208
05.10.2023|14,722|12,487|4,485|16,870|25,365|3,178|3,274|24,420|28,184|2,964|6,309|1,486|6,006|27,873|16,807|15,584|1,719|1,282|4,908|2,110|13,779|40,939|5,311|4,912|2,104|16,933|62,748|0,842|23,204|30,381|1,185
06.10.2023|14,723|12,496|4,480|16,870|25,374|3,170|3,277|24,440|28,253|2,955|6,321|1,483|6,002|27,829|16,867|15,529|1,718|1,266|4,911|2,107|13,807|40,876|5,315|4,923|2,106|16,935|62,588|0,838|23,146|30,324|1,192
09.10.2023|14,790|12,513|4,497|17,029|25,544|3,189|3,282|24,475|28,290|2,969|6,298|1,482|5,913|27,907|16,868|15,585|1,719|1,272|4,913|2,131|13,897|40,864|5,342|4,928|2,108|16,977|62,647|0,839|23,248|30,504|1,199
10.10.2023|14,856|12,559|4,536|17,079|25,595|3,180|3,295|24,565|28,434|2,969|6,339|1,475|5,876|27,885|16,791|15,572|1,720|1,277|4,907|2,138|13,947|40,837|5,390|4,947|2,118|16,988|63,220|0,837|23,212|30,457|1,212
11.10.2023|14,853|12,552|4,593|17,014|25,639|3,170|3,292|24,550|28,462|2,960|6,352|1,475|5,851|27,832|16,712|15,548|1,727|1,296|4,906|2,136|13,933|40,774|5,436|4,943|2,123|16,987|63,592|0,835|23,149|30,421|1,226
12.10.2023|14,809|12,557|4,582|17,017|25,664|3,169|3,294|24,560|28,462|2,957|6,364|1,474|5,843|27,783|16,765|15,507|1,730|1,301|4,908|2,132|13,865|40,827|5,422|4,948|2,127|16,972|63,993|0,834|23,128|30,411|1,228
13.10.2023|14,805|12,614|4,628|17,137|25,844|3,209|3,308|24,670|28,550|2,996|6,359|1,495|5,896|28,152|16,840|15,668|1,734|1,306|4,958|2,143|13,839|41,280|5,434|4,969|2,136|17,123|64,472|0,843|23,443|30,835|1,236
16.10.2023|14,811|12,612|4,625|17,182|25,958|3,202|3,306|24,660|28,507|2,995|6,371|1,489|5,867|28,125|16,856|15,661|1,729|1,303|4,944|2,142|13,864|41,252|5,514|4,966|2,138|17,101|64,547|0,840|23,414|30,671|1,246
17.10.2023|14,806|12,582|4,614|17,073|25,853|3,184|3,298|24,605|28,337|2,976|6,394|1,481|5,818|27,972|16,795|15,572|1,721|1,298|4,916|2,126|13,724|41,026|5,560|4,952|2,134|17,005|63,945|0,834|23,280|30,505|1,235
18.10.2023|14,873|12,618|4,637|17,106|26,002|3,193|3,308|24,680|28,490|2,984|6,425|1,485|5,803|28,051|16,869|15,604|1,727|1,297|4,922|2,128|13,765|41,181|5,555|4,964|2,134|17,053|64,363|0,834|23,354|30,619|1,241
19.10.2023|14,749|12,612|4,612|17,022|26,057|3,193|3,305|24,665|28,322|2,984|6,425|1,477|5,792|28,064|16,859|15,584|1,718|1,274|4,900|2,110|13,610|41,063|5,542|4,957|2,123|17,004|64,053|0,834|23,353|30,619|1,221
20.10.2023|14,731|12,632|4,609|17,049|26,160|3,190|3,311|24,705|28,344|2,983|6,449|1,470|5,753|28,089|16,818|15,563|1,727|1,270|4,895|2,114|13,609|41,080|5,531|4,965|2,124|17,010|63,907|0,833|23,337|30,578|1,223
23.10.2023|14,661|12,601|4,610|16,945|26,045|3,178|3,302|24,645|28,277|2,971|6,450|1,459|5,724|27,963|16,777|15,505|1,719|1,268|4,851|2,088|13,522|40,904|5,528|4,958|2,104|16,945|63,783|0,829|23,250|30,492|1,220
24.10.2023|14,760|12,608|4,629|16,932|25,955|3,174|3,304|24,660|28,339|2,965|6,437|1,463|5,711|27,931|16,741|15,485|1,726|1,278|4,848|2,086|13,570|40,839|5,524|4,966|2,100|16,971|64,075|0,825|23,196|30,447|1,214
25.10.2023|14,810|12,624|4,675|16,973|26,061|3,191|3,308|24,690|28,302|2,984|6,412|1,471|5,745|28,067|16,762|15,572|1,730|1,279|4,884|2,087|13,592|41,058|5,508|4,975|2,099|17,047|64,524|0,830|23,345|30,675|1,221
26.10.2023|14,779|12,637|4,689|16,968|26,108|3,204|3,312|24,715|28,345|2,998|6,446|1,473|5,747|28,171|16,756|15,593|1,727|1,274|4,899|2,084|13,594|41,129|5,531|4,978|2,095|17,101|64,630|0,833|23,448|30,746|1,230
27.10.2023|14,851|12,613|4,705|16,934|25,963|3,199|3,305|24,670|28,358|2,994|6,441|1,469|5,752|28,119|16,725|15,606|1,725|1,294|4,899|2,086|13,631|41,082|5,519|4,968|2,086|17,067|64,635|0,830|23,408|30,645|1,238
30.10.2023|14,771|12,560|4,648|16,761|25,693|3,168|3,291|24,565|28,125|2,964|6,428|1,459|5,718|27,841|16,700|15,477|1,718|1,286|4,867|2,085|13,520|40,741|5,513|4,948|2,080|16,971|64,589|0,821|23,178|30,370|1,236
31.10.2023|14,672|12,556|4,566|16,694|25,569|3,163|3,290|24,560|28,110|2,957|6,425|1,456|5,745|27,784|16,651|15,325|1,712|1,283|4,856|2,068|13,477|40,745|5,530|4,946|2,075|16,913|64,201|0,818|23,135|30,346|1,232
01.11.2023|14,912|12,623|4,665|16,904|25,795|3,203|3,307|24,685|28,398|2,996|6,431|1,471|5,819|28,149|16,668|15,498|1,728|1,303|4,914|2,093|13,666|41,265|5,527|4,969|2,091|17,099|64,742|0,827|23,443|30,807|1,257
02.11.2023|14,889|12,592|4,662|16,742|25,603|3,157|3,299|24,625|28,220|2,952|6,443|1,457|5,835|27,762|16,650|15,409|1,737|1,313|4,861|2,073|13,649|40,644|5,534|4,956|2,084|16,956|64,383|0,815|23,096|30,235|1,259
03.11.2023|14,815|12,482|4,654|16,657|25,363|3,118|3,272|24,415|28,080|2,915|6,421|1,450|5,748|27,407|16,375|15,263|1,740|1,314|4,823|2,060|13,622|40,673|5,486|4,913|2,079|16,819|64,228|0,803|22,809|29,968|1,245
06.11.2023|14,799|12,506|4,644|16,678|25,349|3,134|3,279|24,460|28,222|2,912|6,438|1,466|5,863|27,370|16,252|15,204|1,755|1,302|4,913|2,067|13,593|40,750|5,475|4,922|2,098|16,869|64,041|0,801|22,781|29,949|1,245
07.11.2023|14,806|12,596|4,741|16,787|25,599|3,167|3,303|24,635|28,364|2,949|6,507|1,476|5,966|27,695|16,369|15,321|1,763|1,316|4,937|2,066|13,648|41,143|5,522|4,958|2,110|17,011|64,727|0,809|23,062|30,474|1,252
08.11.2023|14,857|12,612|4,729|16,763|25,702|3,176|3,308|24,670|28,360|2,959|6,507|1,478|6,008|27,765|16,392|15,326|1,761|1,319|4,938|2,067|13,692|41,296|5,525|4,966|2,115|17,037|65,044|0,811|23,125|30,451|1,249
09.11.2023|14,705|12,554|4,681|16,663|25,480|3,153|3,292|24,555|28,153|2,940|6,488|1,467|5,973|27,571|16,272|15,195|1,751|1,309|4,895|2,057|13,615|41,131|5,518|4,942|2,110|16,909|64,485|0,806|22,968|30,239|1,234
10.11.2023|14,599|12,542|4,663|16,621|25,443|3,150|3,289|24,530|28,047|2,940|6,499|1,463|5,916|27,567|16,149|15,160|1,741|1,287|4,876|2,065|13,531|41,092|5,546|4,936|2,109|16,884|63,882|0,804|22,957|30,223|1,222
13.11.2023|14,683|12,573|4,672|16,664|25,471|3,162|3,296|24,590|28,230|2,952|6,514|1,468|5,964|27,682|16,040|15,186|1,740|1,303|4,896|2,069|13,550|41,117|5,552|4,947|2,118|16,936|64,040|0,806|23,050|30,319|1,228
14.11.2023|14,602|12,552|4,685|16,556|25,395|3,141|3,291|24,550|28,147|2,932|6,502|1,459|5,971|27,535|15,973|15,094|1,727|1,304|4,853|2,055|13,444|40,876|5,552|4,937|2,106|16,827|63,473|0,800|22,899|30,135|1,223
15.11.2023|14,717|12,529|4,638|16,492|25,422|3,113|3,286|24,505|28,105|2,887|6,494|1,451|5,985|27,126|15,943|14,997|1,737|1,300|4,824|2,086|13,620|40,462|5,574|4,930|2,140|16,728|63,535|0,786|22,542|29,698|1,242
16.11.2023|14,613|12,501|4,641|16,425|25,341|3,110|3,278|24,450|27,945|2,890|6,498|1,450|5,974|27,084|15,949|14,914|1,742|1,305|4,809|2,077|13,482|40,472|5,593|4,919|2,128|16,713|63,556|0,786|22,547|29,905|1,231
20.11.2023|14,722|12,550|4,603|16,369|25,387|3,132|3,292|24,545|28,012|2,882|6,480|1,454|6,017|26,940|16,095|15,136|1,737|1,308|4,812|2,094|13,533|40,555|5,622|4,936|2,148|16,761|63,735|0,781|22,460|29,803|1,219
21.11.2023|14,726|12,531|4,581|16,310|25,341|3,136|3,288|24,510|28,074|2,870|6,465|1,449|6,030|26,870|16,072|15,167|1,733|1,306|4,808|2,101|13,601|40,363|5,619|4,930|2,150|16,748|63,609|0,777|22,373|29,785|1,216
22.11.2023|14,726|12,520|4,585|16,362|25,409|3,140|3,285|24,485|28,123|2,880|6,429|1,441|6,027|26,944|15,910|15,091|1,726|1,306|4,799|2,089|13,547|40,354|5,612|4,925|2,148|16,745|63,821|0,779|22,449|29,933|1,206
23.11.2023|14,647|12,458|4,568|16,307|25,266|3,130|3,268|24,365|28,028|2,866|6,420|1,437|5,969|26,827|15,935|14,947|1,717|1,302|4,777|2,080|13,498|40,363|5,584|4,902|2,130|16,668|63,382|0,777|22,353|29,750|1,187
24.11.2023|14,685|12,480|4,574|16,344|25,325|3,127|3,274|24,410|28,118|2,869|6,424|1,437|5,983|26,818|16,241|14,948|1,713|1,306|4,774|2,080|13,566|40,350|5,593|4,911|2,133|16,675|63,095|0,774|22,366|29,767|1,184
27.11.2023|14,701|12,454|4,554|16,321|25,272|3,110|3,267|24,360|28,101|2,855|6,413|1,436|5,967|26,688|16,186|14,956|1,712|1,304|4,752|2,086|13,570|40,086|5,588|4,900|2,133|16,638|63,452|0,769|22,244|29,604|1,193
28.11.2023|14,708|12,460|4,547|16,367|25,266|3,112|3,269|24,370|28,071|2,855|6,416|1,442|6,012|26,709|16,128|14,971|1,716|1,295|4,765|2,079|13,552|40,195|5,604|4,901|2,131|16,656|63,690|0,769|22,260|29,686|1,189
29.11.2023|14,629|12,404|4,510|16,259|25,207|3,099|3,254|24,260|28,039|2,831|6,428|1,435|6,012|26,512|16,120|14,976|1,711|1,285|4,748|2,074|13,600|39,871|5,595|4,879|2,134|16,585|63,469|0,764|22,089|29,455|1,193
30.11.2023|14,681|12,419|4,495|16,331|25,407|3,113|3,258|24,290|28,122|2,844|6,384|1,432|5,980|26,649|16,118|15,070|1,712|1,275|4,767|2,073|13,675|40,052|5,588|4,886|2,125|16,630|63,075|0,770|22,213|29,688|1,180
01.12.2023|14,806|12,451|4,547|16,522|25,551|3,135|3,267|24,350|28,298|2,865|6,413|1,446|6,010|26,865|16,115|15,112|1,714|1,294|4,791|2,081|13,803|40,435|5,607|4,898|2,140|16,734|63,726|0,774|22,389|29,851|1,197
04.12.2023|14,914|12,471|4,584|16,570|25,732|3,144|3,271|24,390|28,430|2,872|6,433|1,452|6,037|26,917|16,142|15,302|1,721|1,300|4,818|2,088|13,889|40,564|5,626|4,909|2,155|16,805|64,131|0,777|22,442|29,899|1,198
05.12.2023|14,781|12,460|4,542|16,573|25,779|3,153|3,269|24,370|28,444|2,881|6,425|1,453|6,046|27,013|16,171|15,322|1,713|1,289|4,830|2,068|13,828|40,719|5,637|4,906|2,156|16,818|63,922|0,779|22,523|30,015|1,190
06.12.2023|14,866|12,455|4,595|16,658|25,830|3,156|3,267|24,360|28,457|2,892|6,400|1,458|6,097|27,103|16,229|15,362|1,717|1,304|4,838|2,064|13,914|40,837|5,618|4,902|2,153|16,849|64,246|0,780|22,587|30,036|1,192
07.12.2023|14,845|12,453|4,629|16,618|25,782|3,162|3,267|24,355|28,404|2,894|6,384|1,458|6,113|27,129|16,226|15,584|1,714|1,304|4,839|2,072|13,869|40,893|5,623|4,904|2,164|16,872|64,186|0,782|22,616|30,022|1,205
08.12.2023|14,922|12,452|4,598|16,656|25,809|3,156|3,267|24,355|28,423|2,893|6,386|1,457|6,092|27,101|16,226|15,659|1,725|1,296|4,845|2,077|13,899|40,760|5,624|4,902|2,166|16,885|63,943|0,780|22,601|30,030|1,197
11.12.2023|14,854|12,462|4,591|16,693|25,725|3,158|3,269|24,375|28,489|2,903|6,384|1,451|6,099|27,184|16,175|15,475|1,716|1,302|4,840|2,068|13,849|40,724|5,628|4,903|2,159|16,866|63,490|0,782|22,663|30,127|1,188
12.12.2023|14,896|12,488|4,580|16,655|25,855|3,153|3,276|24,425|28,435|2,893|6,395|1,447|6,101|27,103|16,165|15,581|1,725|1,303|4,824|2,073|13,902|40,620|5,632|4,911|2,165|16,868|63,369|0,778|22,597|29,995|1,194
13.12.2023|14,879|12,517|4,567|16,721|25,893|3,162|3,283|24,480|28,419|2,905|6,427|1,449|6,124|27,215|16,244|15,582|1,721|1,310|4,823|2,070|13,835|40,475|5,658|4,922|2,170|16,897|63,397|0,781|22,698|30,168|1,189
14.12.2023|14,993|12,482|4,576|16,654|25,729|3,138|3,273|24,410|28,401|2,866|6,434|1,444|6,067|26,854|16,241|15,779|1,730|1,292|4,789|2,122|13,878|40,154|5,661|4,910|2,183|16,814|64,068|0,772|22,378|29,713|1,205
15.12.2023|15,004|12,516|4,528|16,710|25,801|3,147|3,283|24,480|28,522|2,865|6,401|1,444|6,096|26,925|16,266|15,787|1,720|1,294|4,788|2,139|13,906|40,177|5,682|4,925|2,183|16,818|64,215|0,770|22,364|29,936|1,226
18.12.2023|15,133|12,552|4,551|16,841|25,900|3,152|3,293|24,550|28,464|2,884|6,365|1,450|6,159|27,049|16,291|15,744|1,729|1,303|4,791|2,163|14,022|40,276|5,649|4,940|2,203|16,889|64,239|0,774|22,490|30,154|1,214
19.12.2023|15,086|12,545|4,599|16,729|25,915|3,138|3,290|24,535|28,522|2,871|6,405|1,444|6,138|26,921|16,259|15,514|1,716|1,309|4,783|2,160|13,988|40,016|5,656|4,934|2,196|16,826|64,070|0,770|22,393|29,931|1,211
20.12.2023|15,163|12,548|4,605|16,798|25,946|3,141|3,291|24,540|28,349|2,871|6,372|1,445|6,144|26,941|16,327|15,619|1,721|1,313|4,813|2,174|14,089|40,224|5,656|4,938|2,207|16,851|64,159|0,769|22,417|29,961|1,221
21.12.2023|15,082|12,521|4,560|16,704|25,967|3,123|3,285|24,490|28,221|2,855|6,409|1,436|6,163|26,786|16,294|15,623|1,713|1,307|4,790|2,164|13,972|40,166|5,641|4,928|2,207|16,780|63,993|0,765|22,300|29,814|1,216
22.12.2023|15,184|12,572|4,586|16,802|26,097|3,127|3,298|24,590|28,371|2,856|6,438|1,441|6,186|26,835|16,339|15,700|1,720|1,315|4,816|2,181|14,050|40,267|5,667|4,947|2,224|16,851|64,578|0,763|22,308|29,867|1,211
27.12.2023|15,257|12,556|4,618|16,890|26,154|3,120|3,311|24,680|28,428|2,855|6,462|1,445|6,158|26,763|16,377|15,639|1,722|1,317|4,817|2,198|14,113|40,045|5,698|4,963|2,231|16,869|64,840|0,758|22,299|29,917|1,208
28.12.2023|15,209|12,637|4,596|16,813|26,570|3,131|3,316|24,715|28,371|2,845|6,452|1,442|6,148|26,735|16,444|15,785|1,729|1,316|4,827|2,192|14,089|40,127|5,700|4,967|2,238|16,879|65,045|0,755|22,239|29,837|1,199
29.12.2023|15,193|12,642|4,612|16,885|26,688|3,150|3,318|24,725|28,447|2,865|6,455|1,453|6,182|26,895|16,429|15,811|1,725|1,320|4,870|2,200|14,119|40,346|5,694|4,969|2,229|16,946|65,107|0,757|22,376|30,021|1,216
